======================================================================================================
q_net   SSD_u_sp   SSD_u_d    SSD_u  SSD_y_sp   SSD_y_d    SSD_y   NLE_sp      NLE_d   NLE   obj
======================================================================================================
0  0.0  0.0  0.0  9.805440521266512  0.00949816998991452  9.814938691256426  40.44208300858815  0.8823128758823924  41.32439588447054  51.13933457572696

1  0.0  0.0  0.0  9.805440521322721  0.009498169986880486  9.814938691309601  27.026507780601406  1.0760909252564972  28.102598705857904  37.91753739716751

2  0.0  0.0  0.0  9.805440521266512  0.009498169980328732  9.81493869124684  16.37535674532472  1.4461986295753397  17.821555374900058  27.6364940661469

3  0.0  0.0  0.0  9.805440521266512  0.009498169980328732  9.81493869124684  7.475210323119632  1.5413392668926114  9.016549590012243  18.831488281259084

4  0.0  0.0  0.0  9.805440521266512  0.009498169980328732  9.81493869124684  0.6936054404746109  1.7646297056279752  2.458235146102586  12.273173837349427

5  0.0  0.0  0.0  9.805440521266512  0.009498169980328732  9.81493869124684  0.6771885597646571  1.767713948405363  2.44490250817002  12.259841199416861

6  0.0  0.0  0.0  9.805440521266512  0.009498169980328732  9.81493869124684  0.490081883142188  1.8178634993862106  2.3079453825283984  12.12288407377524

7  0.0  0.0  0.0  9.805440521266512  0.009498169980328732  9.81493869124684  0.4650681764980013  1.822767104522304  2.287835281020305  12.102773972267146

8  0.0  0.0  0.0  9.805440521266512  0.009498169980328732  9.81493869124684  0.2871274121535846  1.873741969986104  2.1608693821396887  11.97580807338653

9  0.0  0.0  0.0  9.805440521266512  0.009498169980328732  9.81493869124684  0.2621137055093909  1.878645575082908  2.140759280592299  11.95569797183914

10  0.0  0.0  0.0  9.805440521266512  0.009498169980328732  9.81493869124684  0.19982300380010257  1.9152094060550127  2.1150324098551154  11.929971101101955

11  0.0  0.0  0.0  9.805440521266512  0.009498169980328732  9.81493869124684  0.17440988381949502  1.9191141903933007  2.093524074212796  11.908462765459637

12  0.0  0.0  0.0  9.805440521266512  0.009498169980328732  9.81493869124684  0.1121543515394847  1.9572402329095713  2.0693945844490558  11.884333275695896

13  0.0  0.0  0.0  9.805440521266512  0.009498169980328732  9.81493869124684  0.08674123155888382  1.9611450172939797  2.0478862488528637  11.862824940099705

14  0.0  0.0  0.0  9.805440521266512  0.009498169980328732  9.81493869124684  0.06122199220116354  1.9653353069519783  2.0265572991531418  11.841495990399983

15  0.0  0.0  0.0  9.805440521266512  0.009498169980328732  9.81493869124684  0.03620828555698031  1.9702389120437827  2.006447197600763  11.821385888847605

16  0.0  0.0  0.0  9.805440521266512  0.009498169980328732  9.81493869124684  0.011264585530547563  1.9757298455328267  1.9869944310633743  11.801933122310215

17  0.0  0.0  0.0  9.805440521266512  0.009498169980328732  9.81493869124684  0.010669369478379957  1.975810885889394  1.9864802553677738  11.801418946614614

18  0.0  0.0  0.0  9.805440521266512  0.009498169980328732  9.81493869124684  0.010071667480546128  1.9758975929749212  1.9859692604554673  11.800907951702309

19  0.0  0.0  0.0  9.805440521266512  0.009498169980328732  9.81493869124684  0.009665706127737114  1.9759461257224342  1.9856118318501714  11.800550523097012

20  0.0  0.0  0.0  9.805440521266512  0.009498169980328732  9.81493869124684  0.008901588642943135  1.9761111555581237  1.9850127442010668  11.799951435447907

21  0.0  0.0  0.0  9.805440521266512  0.009498169980328732  9.81493869124684  0.008674420229257107  1.9761124666431655  1.9847868868724226  11.799725578119263

22  0.0  0.0  0.0  9.805440521266512  0.009498169980328732  9.81493869124684  0.0023687448456670463  1.9819355885803192  1.9843043334259862  11.799243024672826

23  0.0  0.0  0.0  9.805440521266512  0.009498169980328732  9.81493869124684  0.0017828854543817676  1.982036533611201  1.9838194190655827  11.798758110312423

24  0.0  0.0  0.0  9.805440521266512  0.009498169980328732  9.81493869124684  0.0013769241015739394  1.9820850663587979  1.9834619904603719  11.798400681707212

25  0.0  0.0  0.0  9.805440521266512  0.009498169980328732  9.81493869124684  0.0007808620489170428  1.9821834459605356  1.9829643080094528  11.797902999256294

26  0.0  0.0  0.0  9.805440521266512  0.009498169980328732  9.81493869124684  0.00019500265752704833  1.9822843909913335  1.9824793936488605  11.797418084895702

27  0.0  0.0  0.0  9.805440521266512  0.009498169980328732  9.81493869124684  0.0006786622645735858  1.9823163511545143  1.982995013419088  11.79793370466593

28  0.0  0.0  0.0  9.805440521266512  0.009498169980328732  9.81493869124684  0.00011717463532106466  1.9823638375406318  1.9824810121759529  11.797419703422793

29  0.0  0.0  0.0  9.805440521322721  0.009498169986880486  9.814938691309601  0.0006016337090198086  1.9823775964039199  1.9829792301129396  11.797917921422542

30  0.0  0.0  0.0  9.805440411641323  0.009498170190772575  9.814938581832095  2.2250384344282854e-20  1.9824355733774137  1.9824355733774137  11.797374155209509